# MODEL particle_coordinates_PtsAdded_Tom1_Iter6.mod
# NAME  IMOD-NewModel
# PIX SCALE:  x = 1
#             y = 1
#             z = 1
# PIX SIZE      = 0.952
# UNITS: nm
# Model to Image index coords:
#      SCALE  = ( 9.52, 9.52, 9.52)
#      OFFSET = ( 0, 0, 0)
#      ANGLES = ( 0, 0, 0)


# Obj Cont Pnts Length (in nm)
#------------------------
  1   1   73  191.757
  1   2   78  261.031
  1   3   88  220.249
  1   4   78  220.565
  1   5   82  166.988
  1   6   86  283.912
  1   7   72  215.913
  1   8   58  190.139
  1   9   62  213.432
  1  10   89  297.416
  1  11   85  198.28
  1  12   68  205.105
  1  13   83  270.085
  1  14   87  269.227
  1  15   90  253.42
  1  16   77  247.913
  1  17   76  236.557
  1  18   84  238.463
  1  19   93  239.356
  1  20   83  254.699
  1  21   65  187.724
  1  22   86  263.154
  1  23   82  239.951
  1  24   74  238.867
  1  25   83  206.474
  1  26   80  200.203
  1  27   90  285.618
  1  28   81  233.708
  1  29   58  178.406
  1  30   63  192.991
  1  31   63  167.957
  1  32   73  209.101
  1  33   73  230.378
  1  34   62  183.061
  1  35   61  183.442
  1  36   69  262.001
  1  37   70  222.947
  1  38   69  216.171
  1  39   87  258.323
  1  40   66  174.811
  1  41   76  202.891
  1  42   84  322.395
  1  43   70  199.627
  1  44   85  239.533
  1  45   63  221.376
  1  46   71  237.412
  1  47   60  159.776
  1  48   60  168.052
  1  49   81  323.801
  1  50   75  240.144
  1  51   74  241.44
  1  52   76  229.862
  1  53   82  271.867
  1  54   79  281.874
  1  55   89  315.32
  1  56   80  208.593
  1  57   64  169.21
  1  58   58  143.096
  1  59   71  223.939
  1  60   81  302.657
  1  61   87  236.474
  1  62   60  180.538
  1  63   95  325.686
  1  64   73  231.482
  1  65   82  315.223
  1  66   91  345.787
  1  67   84  234.398
  1  68   92  273.436
  1  69   58  179.185
  1  70   83  277.977
  1  71   77  138.171
  1  72   92  324.532
  1  73   86  191.86
  1  74   82  217.272
  1  75   84  278.144
  1  76   90  363.717
  1  77   88  277.361
  1  78   73  210.774
  1  79   83  270.913
  1  80   92  321.967
  1  81   76  204.072
  1  82   83  275.899
  1  83   80  242.813
  1  84   84  281.909
  1  85   87  290.955
  1  86   90  293.28
  1  87   68  319.446
  1  88   66  157.795
  1  89   88  324.368
  1  90   76  264.94
  1  91   99  308.054
  1  92   79  256.978
  1  93   88  236.482
  1  94   62  195.067
  1  95   82  231.527
  1  96   89  217.231
  1  97   82  207.517
  1  98   82  221.352
  1  99   69  212.061
  1 100   80  204.54
  1 101   81  209.404
  1 102   74  256.161
  1 103   88  290.228
  1 104   71  148.605
  1 105   81  252.009
  1 106   82  260.669
  1 107   92  257.626
  1 108   79  228.764
  1 109   86  248.902
  1 110   78  295.96
  1 111   82  272.458
  1 112   84  235.616
  1 113   88  351.405
  1 114   85  236.592
  1 115   72  214.082
  1 116   84  322.732
  1 117   89  247.14
  1 118   83  248.998
  1 119   86  244.3
  1 120   85  250.141
  1 121  109  333.588
  1 122  107  394.416
  1 123   95  345.076
  1 124   97  322.594
  1 125   90  216.323
  1 126   97  344.294
  1 127  108  306.996
  1 128   80  187.687
  1 129   83  226.116
  1 130   67  188.436
  1 131   92  392.847
  1 132   98  385.227
  1 133   64  178.118
  1 134   76  227.851
  1 135   56  186.677
  1 136   77  239.309


